273, 153
273, 153
273, 153
273, 153
273, 153
273, 153
273, 153
273, 153
273, 153
258, 387
262, 500
263, 490
263, 490
263, 490
263, 490
263, 490
263, 490
263, 490
263, 490
263, 490
263, 490
263, 490
263, 490
263, 490
263, 490
263, 490
263, 490
263, 490
263, 490
263, 490
263, 490
263, 490
263, 490
263, 490
263, 490
263, 490
263, 490
263, 490
263, 490
263, 490
263, 490
263, 490
263, 490
263, 490
263, 490
263, 490
263, 490
263, 490
1321, 410
1437, 409
1437, 409
1437, 409
1437, 409
1148, 869
1140, 886
1109, 929
1109, 929
1109, 929
1109, 929
1109, 929
1109, 929
1109, 929
1109, 929
1109, 929
1109, 929
1109, 929
1109, 929
1109, 929
1109, 929
1109, 929
1109, 929
1109, 929
1109, 929
1109, 929
1109, 929
1109, 929
1109, 929
1109, 929
1109, 929
1109, 929
1109, 929
1109, 929
1109, 929
1109, 929
1109, 929
1109, 929
1109, 929
1109, 929
1109, 929
1109, 929
1109, 929
1109, 929
1109, 929
1109, 929
1109, 929
1109, 929
1109, 929
1109, 929
1267, 590
1746, 867
1752, 876
1752, 876
1752, 876
1752, 876
1652, 689
1547, 572
1446, 612
1455, 420
1455, 420
1455, 420
1455, 420
1455, 420
1455, 420
1455, 420
1455, 420
1455, 420
1455, 420
1455, 420
1455, 420
